AbsoluteEntry
AbsEntry
2
570
762
763
764
765
766
767
768
770
771
772
773
774
780
781
785
786
787
789
792
795
796
797
798
799
800
801
802
803
804
805
808
809
810
811
812
813
815
816
817
818
819
820
821
822
823
824
825
826
827
828
829
830
831
833
834
835
836
837
838
839
840
841
842
843
845
846
847
848
849
850
852
853
854
855
856
857
858
859
860
862
863
864
865
866
867
868
869
870
876
877
880
881
892
893
897
902
903
904
905
906
907
908
910
911
912
913
914
915
916
918
919
921
922
923
924
925
926
927
928
929
930
931
932
933
934
935
936
941
942
944
945
946
947
948
949
950
951
952
953
954
955
956
957
958
959
960
961
965
966
968
969
970
971
972
973
974
975
976
977
978
979
980
981
982
983
984
985
986
987
988
989
990
991
992
994
995
996
997
998
999
1001
1003
1004
1005
1007
1008
1009
1010
1011
1012
1013
1014
1015
1016
1017
1018
1019
1020
1021
1022
1023
1024
1025
1026
1027
1028
1029
1030
1031
1032
1033
1034
1035
1036
1037
1038
1039
1040
1041
1042
1043
1044
1045
1046
1047
1048
1049
1050
1051
1052
1053
1054
1055
1056
1057
1058
1059
1060
1061
1062
1069
1070
1071
1072
1076
1077
1078
1079
1080
1082
1083
1084
1085
1086
1087
1088
1090
1091
1092
1093
1094
1095
1096
1097
1098
1099
1103
1106
1107
1108
1109
1110
1111
1112
1113
1114
1115
1116
1117
1118
1119
1120
1121
1122
1123
1124
1125
1126
1128
1129
1130
1131
1132
1133
1134
1135
1136
1137
1138
1139
1140
1141
1144
1145
1146
1147
1148
1149
1150
1151
1152
1153
1154
1155
1156
1157
1158
1159
1160
1161
1162
1163
1164
1165
1167
1168
1170
1171
1172
1173
1174
1175
1176
1177
1178
1179
1180
1181
1182
1183
1184
1185
1186
1187
1188
1189
1190
1191
1192
1193
1194
1195
1196
1197
1198
1199
1200
1201
1202
1203
1204
1205
1206
1207
1208
1209
1216
1220
1223
1225
1227
1228
1229
1230
1236
1237
1238
1240
1242
1243
1244
1245
1246
1247
1248
1249
1250
1251
1252
1254
1255
1256
1257
1258
1259
1260
1261
1262
1263
1264
1265
1266
1267
1268
1269
1270
1271
1272
1273
1274
1275
1276
1418
1419
1420
1421
1422
1423
1424
1425
1426
1427
1428
1434
1435
1436
1437
1438
1439
1443
1448
1449
1450
1451
1452
1453
1454
1455
1456
1457
1458
1461
1462
1463
1464
1465
1466
1467
1471
1472
1473
1474
1475
1483
1484
1485
1488
1489
1490
1491
1493
1494
1495
1497
1498
1499
1500
1501
1503
1504
1505
1506
1507
1508
1509
1510
1511
1512
1513
1514
1515
1516
1517
1518
1519
1520
1522
1524
1532
1533
1534
1535
1536
1537
1538
1539
1540
1541
1542
1543
1544
1545
1546
1547
1548
1549
1550
1551
1552
1553
1556
1561
1562
1563
1564
1565
1566
1570
1571
1572
1573
1574
1575
1576
1577
1578
1579
1580
1581
1582
1583
1584
1585
1586
1587
1588
1589
1590
1591
1592
1593
1594
1595
1596
1597
1598
1599
1600
1601
1602
1603
1604
1605
1606
1607
1609
1610
1611
1612
1613
1614
1615
1616
1617
1618
1619
1620
1621
1622
1623
1624
1625
1629
1635
1717
1718
1719
1720
1721
1722
1723
1724
1725
1726
1727
1728
1729
1730
1731
1732
1733
1734
1735
1736
1737
1738
1739
1740
1741
1742
1743
1744
1745
1746
1747
1748
1749
1750
1751
1752
1753
1754
1755
1756
1757
1758
1759
1760
1762
1763
1764
1765
1766
1767
1768
1769
1770
1771
1772
1773
1774
1775
1776
1777
1778
1779
1780
1781
1782
1790
1791
1792
1793
1794
1795
1796
1797
1798
1799
1800
1802
1803
1804
1806
1807
1808
1809
1811
1812
1813
1814
1817
1818
1819
1820
1821
1822
1823
1824
1825
1826
1827
1828
1832
1833
1834
1835
1836
1837
1838
1839
1840
1844
1845
1846
1847
1848
1849
1850
1851
1852
1853
1854
1856
1863
1864
1865
1866
1867
1868
1869
1870
1871
1872
1873
1874
1875
1876
1877
1878
1879
1880
1881
1882
1884
1885
1886
1887
1888
1891
1892
1895
1896
1897
1898
1899
1900
1901
1902
1903
1904
1905
1906
1907
1908
1909
1910
1911
1912
1913
1914
1915
1916
1917
1918
1919
1922
1923
1924
1926
1927
1928
1929
1930
1931
1932
1933
1937
1938
1941
1942
1943
1945
1947
1949
1950
1951
1953
1954
1955
1956
1957
1958
1959
1961
1963
1964
1965
1967
1968
1969
1970
1972
1973
1974
1975
1976
1977
1978
1979
2000
2001
2002
2003
2004
2005
2006
2007
2008
2009
2010
2011
2016
2017
2018
2019
2020
2022
2024
2025
2026
2027
2028
2029
2030
2031
2032
2033
2034
2035
2036
2037
2038
2039
2040
2041
2042
2043
2044
2045
2046
2047
2048
2049
2050
2051
2052
2053
2054
2055
2056
2057
2058
2059
2060
2061
2062
2063
2065
2066
2067
2071
2072
2073
2074
2075
2076
2077
2078
2086
2087
2088
2089
2090
2091
2092
2093
2094
2095
2096
2097
2100
2133
2134
2135
2138
2139
2140
2141
2142
2143
2144
2146
2147
2148
2149
2150
2151
2152
2153
2154
2155
2157
2158
2159
2160
2161
2162
2163
2164
2165
2166
2167
2168
2169
2170
2171
2172
2173
2174
2175
2176
2177
2178
2179
2180
2181
2182
2183
2184
2185
2186
2187
2188
2189
2190
2191
2192
2193
2194
2195
2196
2197
2198
2199
2200
2201
2202
2203
2204
2205
2206
2207
2208
2209
2210
2211
2212
2213
2214
2215
2216
2217
2218
2219
2220
2221
2222
2223
2224
2225
2226
2227
2228
2229
2230
2231
2232
2234
2235
2236
2237
2238
2239
2240
2241
2242
2243
2244
2245
2246
2247
2248
2249
2250
2251
2252
2253
2254
2255
2256
2261
2262
2263
2264
2265
2266
2267
2268
2269
2270
2271
2272
2273
2274
2275
2276
2277
2278
2279
2280
2281
2286
2287
2288
2289
2295
2296
2297
2298
2299
2300
2301
2302
2303
2304
2305
2306
2307
2308
2309
2310
2312
2313
2314
2315
2317
2318
2321
2324
2325
2326
2327
2328
2329
2330
2331
2332
2333
2334
2335
2336
2337
2339
2340
2341
2342
2348
2349
2350
2352
2353
2354
2355
2356
2357
2358
2360
2361
2362
2363
2364
2365
2366
2369
2372
2373
2374
2375
2376
2377
2378
2380
2383
2384
2386
2388
2390
2391
2392
2393
2396
2397
2398
2399
2400
2402
2403
2405
2406
2407
2408
2409
2410
2411
2412
2413
2414
2415
2416
2417
2418
2419
2420
2421
2422
2423
2424
2425
2426
2431
2432
2433
2436
2437
2440
2441
2442
2443
2444
2445
2446
2447
2448
2449
2450
2451
2454
2455
2456
2457
2458
2459
2460
2461
2462
2463
2464
2465
2466
2467
2468
2470
2473
2474
2476
2478
2480
2482
2483
2484
2485
2497
2498
2499
2500
2501
2502
2503
2504
2505
2506
2507
2508
2513
2514
2515
2516
2521
2522
2523
2524
2525
2526
2536
2537
2538
2539
2540
2541
2542
2543
2545
2546
2547
2548
2549
2550
2551
2552
2553
2556
2557
2558
2559
2560
2561
2562
2563
2564
2565
2566
2567
2568
2569
2576
2580
2581
2582
2583
2587
2588
2589
2590
2591
2592
2593
2594
2595
2605
2607
2608
2609
2610
2611
2612
2613
2614
2615
2616
2617
2618
2620
2621
2622
2623
2624
2625
2627
2628
2629
2630
2633
2634
2635
2637
2638
2639
2640
2641
2642
2643
2645
2646
2647
2649
2650
2651
2652
2653
2657
2658
2659
2660
2661
2662
2663
2664
2665
2666
2667
2668
2669
2670
2671
2672
2673
2674
2675
2676
2677
2678
2679
2680
2681
2682
2683
2684
2685
2686
2687
2688
2689
2693
2694
2695
2696
2697
2699
2704
2705
2710
2711
2712
2713
2714
2715
2716
2717
2718
2719
2720
2721
2722
2723
2724
2725
2726
2728
2730
2731
2732
2733
2734
2735
2736
2737
2738
2739
2740
2743
2745
2747
2748
2751
2752
2753
2754
2755
2756
2757
2759
2760
2761
2762
2763
2773
2774
2777
2781
2782
2785
2787
2788
2789
2790
2791
2792
2793
2794
2795
2796
2797
2798
2799
2800
2801
2802
2803
2804
2805
2806
2807
2808
2809
2810
2811
2812
2813
2814
2815
2816
2817
2818
2819
2820
2821
2822
2823
2824
2825
2826
2827
2828
2829
2830
2831
2832
2833
2834
2835
2836
2837
2838
2839
2840
2841
2842
2843
2844
2845
2846
2847
2848
2849
2850
2851
2852
2853
2854
2855
2856
2857
2859
2860
2861
2863
2864
2866
2868
2869
2870
2871
2872
2873
2874
2875
2878
2879
2880
2881
2882
2883
2884
2885
2886
2887
2889
2890
2894
2895
2896
2897
2898
2927
2928
2929
2931
2934
2935
2936
2937
2938
2939
2940
2941
2942
2943
2944
2945
2946
2947
2949
2950
2951
2953
2954
2955
2956
2957
2959
2960
2961
2962
2963
2964
2966
2967
2968
2969
2970
2971
2972
2973
2974
2975
2976
2977
2978
2979
2980
2981
2982
2983
2984
2985
2986
2987
2988
2989
2990
2991
2992
2993
2994
3008
3013
3014
3015
3016
3017
3018
3019
3020
3021
3022
3023
3024
3025
3026
3027
3028
3029
3030
3031
3032
3033
3034
3035
3037
3038
3039
3056
3057
3058
3059
3060
3062
3063
3064
3065
3066
3067
3068
3069
3070
3071
3072
3073
3074
3075
3076
3077
3078
3079
3080
3081
3082
3083
3084
3085
3086
3087
3088
3089
3090
3091
3092
3093
3094
3095
3096
3097
3098
3099
3101
3106
3107
3108
3109
3110
3111
3112
3113
3114
3115
3116
3117
3118
3119
3120
3121
3122
3123
3125
3126
3127
3130
3131
3132
3133
3134
3135
3136
3137
3138
3139
3146
3147
3148
3150
3151
3152
3153
3154
3156
3157
3159
3160
3161
3162
3163
3164
3165
3166
3167
3168
3169
3174
3176
3178
3179
3180
3181
3182
3183
3184
3185
3186
3187
3189
3190
3191
3192
3193
3194
3195
3196
3197
3199
3200
3201
3202
3203
3204
3264
3265
3266
3267
3268
3269
3270
3271
3275
3278
3279
3280
3282
3283
3286
3305
3307
3308
3321
3323
3326
3344
3345
3346
3347
3348
3349
3350
3351
3352
3353
3354
3355
3356
3357
3358
3359
3360
3361
3362
3363
3364
3365
3366
3367
3368
3369
3370
3371
3372
3373
3374
3375
3376
3377
3378
3379
3380
3381
3382
3383
3384
3385
3386
3388
3389
3390
3391
3392
3393
3394
3395
3396
3397
3398
3399
3400
3401
3402
3403
3404
3405
3406
3407
3408
3409
3410
3411
3412
3413
3414
3415
3416
3417
3418
3419
3420
3421
3422
3425
3426
3427
3428
3429
3430
3431
3432
3433
3434
3435
3436
3437
3438
3439
3440
3441
3442
3443
3444
3445
3446
3447
3448
3449
3450
3451
3452
3453
3454
3455
3456
3457
3458
3459
3460
3461
3462
3463
3467
3468
3469
3472
3473
3474
3475
3476
3477
3478
3480
3481
3482
3483
3484
3485
3486
3487
3488
3490
3491
3492
3494
3495
3496
3497
3498
3499
3500
3501
3502
3503
3505
3506
3507
3508
3509
3510
3511
3512
3513
3514
3515
3516
3517
3518
3519
3520
3521
3523
3524
3526
3527
3529
3530
3531
3532
3533
3534
3535
3536
3540
3541
3542
3546
3547
3548
3549
3550
3551
3552
3553
3556
3558
3559
3561
3562
3565
3570
3575
3576
3577
3578
3579
3580
3582
3583
3584
3585
3587
3588
3589
3590
3591
3592
3593
3594
3595
3596
3597
3598
3599
3600
3601
3602
3603
3604
3605
3606
3607
3608
3609
3610
3611
3612
3613
3615
3616
3617
3618
3619
3621
3622
3625
3626
3627
3628
3629
3630
3631
3632
3633
3634
3635
3636
3637
3638
3639
3640
3641
3642
3643
3644
3645
3646
3647
3648
3649
3650
3651
3654
3655
3656
3657
3665
3666
3669
3673
3674
3678
3680
3681
3682
3683
3684
3685
3686
3687
3688
3689
3690
3691
3693
3694
3696
3697
3701
3704
3705
3706
3707
3708
3709
3710
3711
3712
3713
3714
3715
3716
3717
3718
3719
3720
3721
3726
3728
3729
3730
3731
3733
3734
3735
3736
3738
3739
3740
3741
3742
3745
3748
3749
3750
3751
3752
3753
3754
3755
3756
3757
3758
3759
3760
3761
3762
3763
3764
3766
3767
3768
3769
3771
3772
3774
3775
3776
3777
3778
3779
3780
3783
3784
3785
3789
3792
3793
3795
3796
3797
3798
3799
3800
3801
3802
3803
3804
3805
3806
3808
3809
3814
3816
3817
3824
3828
3829
3830
3835
3839
3840
3841
3842
3843
3844
3845
3846
3847
3848
3849
3850
3851
3852
3853
3854
3855
3856
3857
3858
3862
3863
3864
3866
3867
3869
3871
3873
3874
3877
3878
3879
3880
3881
3883
3884
3886
3887
3889
3891
3893
3894
3895
3896
3897
3898
3899
3900
3901
3902
3903
3904
3905
3907
3908
3909
3910
3911
3912
3913
3914
3915
3916
3917
3918
3920
3921
3923
3930
3931
3932
3933
3934
3935
3936
3937
3938
3939
3940
3941
3942
3943
3944
3945
3946
3947
3948
3949
3950
3951
3952
3953
3954
3955
3956
3957
3958
3959
3960
3961
3962
3963
3964
3965
3966
3967
3968
3969
3970
3971
3972
3973
3974
3975
3976
3977
3978
3979
3980
3981
3982
3983
3984
3986
3987
3990
3991
3992
3993
3994
3995
3996
3997
3998
3999
4000
4010
4013
4016
4019
4029
4030
4031
4032
4033
4034
4036
4037
4038
4039
4040
4041
4043
4044
4045
4046
4047
4048
4049
4050
4051
4052
4053
4054
4055
4056
4057
4058
4059
4060
4061
4062
4065
4066
4067
4068
4069
4070
4071
4072
4073
4074
4075
4077
4078
4080
4081
4082
4083
4084
4085
4086
4087
4088
4089
4090
4091
4092
4093
4094
4095
4096
4097
4098
4099
4100
4101
4102
4103
4104
4106
4107
4108
4109
4110
4111
4112
4113
4114
4115
4116
4117
4127
4128
4129
4130
4131
4132
4133
4135
4136
4137
4138
4139
4140
4141
4142
4143
4157
4158
4159
4161
4164
4165
4166
4167
4168
4169
4170
4172
4173
4176
4178
4179
4180
4181
4182
4186
4187
4189
4190
4191
4192
4193
4194
4195
4196
4197
4198
4200
4201
4202
4203
4204
4205
4206
4207
4208
4209
4210
4211
4212
4213
4214
4215
4216
4217
4218
4219
4220
4221
4222
4224
4225
4226
4227
4228
4229
4230
4231
4232
4233
4234
4235
4236
4237
4238
4240
4241
4243
4244
4247
4248
4249
4250
4251
4281
4282
4283
4289
4290
4291
4292
4293
4294
4295
4296
4297
4302
4304
4305
4306
4307
4308
4309
4310
4311
4312
4313
4314
4316
4317
4318
4319
4320
4326
4327
4334
4335
4336
4337
4338
4339
4340
4341
4342
4344
4345
4346
4347
4348
4349
4351
4352
4353
4354
4355
4356
4357
4358
4359
4360
4361
4362
4364
4365
4366
4368
4369
4370
4373
4374
4377
4378
4379
4380
4381
4382
4383
4384
4385
4386
4387
4388
4390
4391
4392
4393
4394
4399
4400
4401
4402
4404
4405
4406
4407
4408
4409
4410
4412
4413
4418
4419
4421
4422
4423
4424
4425
4426
4427
4428
4429
4430
4431
4432
4437
4438
4439
4440
4441
4572
4573
4595
4636
4646
4647
4650
4654
4672
4681
4688
4690
4691
4692
4697
4698
4699
4703
4705
4706
4708
4710
4714
4717
4718
4719
4721
4722
4723
4726
4728
4730
4732
4733
4736
4737
4738
4739
4741
4745
4746
4747
4748
4751
4752
4753
4754
4755
4758
4760
4762
4764
4766
4767
4768
4771
4772
4773
4774
4775
4777
4782
4784
4789
4797
4800
4801
4805
4806
4807
4808
4811
4822
4823
4824
4825
4826
4827
4828
4829
4830
4831
4832
4833
4834
4835
4836
4838
4839
4840
4841
4842
4843
4844
4845
4846
4847
4861
4862
4863
4864
4865
4867
4868
4869
4870
4871
4872
4873
4874
4875
4876
4877
4878
4879
4880
4881
4882
4883
4884
4886
4887
4888
4890
4891
4892
4893
4894
4895
4896
4897
4904
4905
4906
4907
4908
4909
4910
4912
4913
4914
4915
4916
4917
4918
4919
4920
4921
4923
4924
4926
4928
4929
4930
4931
4932
4933
4934
4935
4936
4937
4938
4939
4941
4942
4943
4944
4945
4946
4947
4948
4949
4950
4951
4952
4953
4954
4956
4957
4959
4961
4962
4963
4964
4965
4966
4967
4968
4969
4972
4973
4974
4975
4980
4981
4982
4983
4984
4985
4986
4987
4988
4989
4994
4997
4998
4999
5000
5002
5003
5004
5005
5006
5009
5010
5011
5012
5013
5014
5015
5016
5017
5018
5019
5020
5021
5022
5023
5024
5025
5026
5027
5028
5029
5030
5031
5032
5033
5034
5035
5036
5037
5038
5039
5040
5041
5042
5043
5044
5045
5046
5047
5050
5051
5052
5053
5054
5055
5060
5061
5063
5065
5066
5067
5069
5070
5071
5072
5073
5074
5075
5076
5077
5078
5082
5083
5084
5085
5086
5087
5088
5089
5090
5091
5092
5093
5094
5096
5097
5098
5099
5100
5101
5102
5103
5104
5105
5106
5107
5108
5109
5110
5111
5112
5113
5114
5115
5116
5117
5118
5119
5120
5121
5122
5123
5124
5125
5126
5127
5128
5130
5131
5132
5133
5134
5135
5136
5137
5140
5141
5142
5143
5147
5148
5149
5151
5152
5153
5154
5155
5156
5157
5158
5159
5160
5161
5162
5163
5164
5165
5166
5167
5168
5169
5170
5171
5172
5173
5174
5175
5176
5177
5178
5179
5180
5181
5182
5184
5185
5186
5187
5188
5189
5190
5191
5192
5193
5194
5195
5197
5198
5199
5200
5201
5202
5203
5204
5205
5206
5207
5208
5209
5210
5211
5212
5213
5214
5215
5216
5217
5218
5219
5220
5221
5223
5224
5225
5226
5227
5228
5229
5230
5231
5232
5246
5247
5248
5251
5252
5258
5259
5260
5261
5262
5264
5265
5266
5267
5268
5269
5270
5271
5272
5273
5275
5278
5283
5284
5285
5286
5288
5289
5290
5291
5292
5293
5294
5295
5296
5297
5298
5299
5300
5301
5302
5303
5304
5305
5306
5307
5338
5357
5358
5359
5360
5361
5362
5363
5364
5370
5371
5372
5373
5374
5375
5376
5377
5378
5379
5380
5381
5382
5383
5384
5385
5386
5387
5388
5389
5390
5391
5392
5393
5394
5395
5396
5397
5398
5399
5400
5401
5403
5404
5405
5408
5409
5410
5411
5413
5414
5415
5416
5417
5418
5419
5420
5421
5422
5423
5424
5425
5426
5427
5428
5429
5431
5432
5433
5434
5435
5436
5437
5438
5439
5440
5442
5443
5444
5445
5446
5447
5448
5449
5450
5451
5452
5453
5454
5455
5456
5457
5458
5459
5460
5461
5476
5478
5479
5480
5549
5550
5551
5552
5553
5554
5555
5556
5557
5558
5559
5560
5562
5563
5789
5790
5791
5792
5793
5794
5795
5797
5798
5800
5801
5802
5803
5804
5805
5806
5807
5808
5809
5813
5814
5815
5816
5817
5818
5819
5820
5821
5822
5823
5824
5825
5840
5841
5842
5843
5844
5845
5848
5850
5851
5852
5853
5854
5855
5856
5857
5858
5859
5865
5866
5867
5868
5869
5870
5871
5872
5873
5875
5876
5879
5882
5883
5884
5885
5886
5888
5890
5891
5892
5894
5895
5896
5900
5901
5902
5903
5905
5906
5907
5908
5909
5920
5921
5922
5923
5924
5925
5926
5927
5928
5929
5930
5932
5933
5935
5936
5937
5938
5939
5940
5943
5945
5946
5991
5992
5993
5995
5997
5998
5999
6000
6005
6006
6007
6008
6009
6010
6011
6012
6013
6014
6015
6016
6017
6018
6019
6020
6021
6022
6023
6024
6026
6027
6028
6029
6030
6031
6032
6033
6034
6035
6036
6037
6038
6040
6041
6042
6043
6044
6045
6046
6047
6048
6049
6050
6051
6052
6053
6054
6055
6056
6057
6058
6059
6060
6061
6062
6063
6064
6065
6066
6085
6086
6087
6088
6089
6094
6095
6096
6099
6100
6101
6102
6103
6105
6107
6108
6109
6110
6111
6112
6113
6114
6115
6116
6117
6118
6120
6121
6122
6123
6124
6125
6126
6127
6128
6129
6130
6131
6132
6133
6134
6136
6137
6140
6141
6142
6143
6144
6145
6146
6147
6148
6149
6150
6151
6152
6168
6169
6170
6171
6172
6173
6175
6176
6177
6179
6180
6181
6182
6183
6184
6185
6186
6187
6188
6189
6192
6193
6194
6199
6200
6201
6202
6203
6204
6205
6206
6207
6208
6209
6212
6213
6215
6220
6221
6222
6223
6224
6225
6226
6227
6228
6229
6230
6231
6232
6234
6235
6236
6237
6238
6239
6240
6241
6242
6243
6244
6245
6246
6247
6250
6251
6252
6256
6257
6261
6262
6264
6268
6269
6270
6271
6272
6273
6274
6277
6278
6279
6280
6281
6282
6283
6284
6285
6286
6287
6288
6289
6290
6291
6292
6293
6294
6295
6296
6297
6298
6299
6300
6301
6303
6304
6305
6306
6307
6308
6309
6310
6311
6312
6313
6314
6315
6316
6318
6319
6320
6322
6323
6324
6325
6326
6327
6328
6329
6330
6331
6332
6333
6334
6335
6336
6337
6338
6339
6340
6341
6342
6343
6345
6351
6352
6353
6354
6355
6356
6357
6358
6359
6360
6361
6362
6363
6364
6365
6366
6369
6370
6371
6373
6374
6375
6376
6377
6378
6379
6380
6381
6382
6383
6384
6385
6386
6387
6390
6391
6392
6393
6394
6399
6400
6401
6402
6403
6406
6407
6408
6409
6410
6411
6412
6413
6414
6415
6416
6417
6418
6419
6420
6421
6422
6423
6424
6425
6426
6427
6428
6429
6430
6431
6432
6433
6434
6435
6436
6437
6438
6439
6440
6441
6442
6443
6444
6445
6447
6449
6450
6451
6452
6453
6454
6455
6456
6460
6461
6462
6463
6466
6467
6468
6469
6472
6473
6474
6475
6476
6477
6504
6505
6506
6507
6510
6511
6512
6514
6515
6516
6517
6518
6520
6521
6522
6523
6524
6525
6526
6527
6528
6530
6531
6532
6533
6534
6535
6537
6538
6539
6540
6541
6542
6544
6545
6547
6549
6561
6562
6563
6564
6565
6566
6567
6568
6569
6570
6571
6572
6573
6574
6575
6576
6577
6578
6579
6580
6581
6582
6583
6584
6585
6586
6587
6589
6590
6591
6592
6593
6594
6595
6596
6597
6598
6599
6600
6601
6602
6603
6605
6606
6607
6609
6610
6612
6613
6614
6615
6616
6617
6618
6619
6620
6621
6622
6623
6624
6625
6626
6627
6628
6629
6630
6631
6632
6633
6634
6635
6636
6637
6638
6639
6640
6641
6642
6643
6644
6657
6658
6659
6660
6661
6662
6663
6665
6666
6667
6668
6669
6670
6671
6672
6673
6674
6675
6676
6677
6678
6679
6680
6681
6682
6683
6685
6686
6687
6688
6689
6690
6692
6716
6721
6722
6723
6733
6734
6742
6743
6744
6745
6746
6747
6748
6749
6753
6754
6755
6756
6757
6758
6759
6760
6761
6762
6763
6764
6765
6766
6782
6783
6784
6785
6788
6789
6792
6793
6794
6795
6796
6797
6798
6799
6800
6801
6802
6803
6804
6805
6806
6807
6811
6812
6813
6816
6817
6818
6819
6820
6823
6824
6825
6826
6827
6828
6829
6830
6831
6832
6833
6834
6835
6837
6838
6839
6840
6841
6842
6843
6844
6845
6846
6847
6848
6849
6850
6851
6852
6853
6854
6856
6857
6858
6859
6861
6862
6863
6864
6865
6866
6867
6868
6869
6870
6871
6872
6873
6876
6877
6879
6880
6882
6883
6884
6885
6886
6887
6888
6889
6890
6891
6892
6893
6894
6895
6896
6897
6898
6899
6900
6901
6902
6906
6907
6908
6910
6911
6912
6913
6914
6915
6916
6917
6918
6919
6920
6921
6922
6924
6926
6927
6928
6929
6930
6931
6932
6933
6934
6935
6936
6937
6938
6939
6942
6943
6944
6945
6946
6947
6948
6949
6958
6960
6961
6962
6963
6964
6965
6966
6967
6968
6969
6970
6971
6972
6973
6974
6975
6976
6977
6978
6979
6980
6981
6984
6986
6987
6988
6989
6990
6991
6992
6993
6994
6995
6996
6997
6998
6999
7000
7001
7002
7003
7004
7005
7006
7007
7008
7009
7010
7011
7012
7013
7014
7015
7016
7017
7018
7019
7020
7021
7022
7023
7024
7025
7026
7027
7028
7029
7030
7031
7032
7033
7034
7035
7036
7037
7038
7039
7040
7041
7042
7043
7044
7045
7046
7047
7048
7049
7050
7051
7052
7053
7054
7055
7056
7057
7058
7059
7060
7061
7062
7063
7064
7065
7066
7067
7068
7069
7070
7071
7072
7073
7074
7075
7076
7077
7078
7079
7080
7081
7082
7083
7084
7085
7086
7087
7088
7089
7090
7091
7092
7093
7094
7095
7096
7097
7098
7099
7102
7103
7104
7105
7106
7108
7109
7110
7111
7112
7113
7114
7115
7116
7117
7119
7120
7121
7122
7123
7124
7125
7126
7128
7129
7130
7131
7132
7133
7134
7135
7136
7137
7138
7139
7140
7141
7142
7143
7144
7145
7146
7147
7148
7149
7150
7151
7152
7164
7165
7166
7167
7168
7169
7170
7171
7172
7173
7174
7175
7176
7177
7178
7179
7180
7181
7182
7187
7189
7191
7192
7193
7194
7195
7196
7198
7199
7201
7202
7204
7205
7214
7218
7219
7222
7223
7224
7225
7226
7228
7229
7230
7231
7232
7233
7234
7235
7236
7237
7238
7239
7240
7241
7245
7246
7247
7249
7250
7251
7257
7266
7267
7268
7269
7274
7283
7286
7287
7288
7289
7290
7291
7295
7296
7297
7298
7299
7307
7309
7310
7311
7313
7314
7315
7316
7317
7322
7323
7324
7325
7326
7327
7328
7332
7333
7339
7340
7341
7342
7343
7344
7345
7346
7347
7348
7349
7350
7351
7352
7353
7354
7355
7356
7357
7358
7360
7362
7363
7364
7365
7366
7367
7368
7369
7370
7371
7372
7373
7374
7375
7376
7377
7378
7379
7380
7382
7383
7384
7385
7386
7387
7388
7389
7390
7391
7392
7393
7394
7395
7396
7397
7398
7399
7400
7401
7402
7403
7404
7405
7407
7408
7409
7410
7411
7412
7413
7414
7415
7416
7417
7418
7419
7420
7421
7422
7423
7424
7425
7426
7427
7428
7429
7437
7439
7445
7450
7451
7452
7453
7454
7458
7459
7460
7472
7473
7474
7475
7476
7477
7478
7479
7480
7481
7482
7483
7484
7485
7486
7487
7488
7489
7490
7491
7492
7493
7494
7495
7496
7497
7498
7499
7500
7501
7502
7503
7504
7505
7506
7510
7511
7513
7514
7525
7527
7530
7534
7536
7538
7540
7542
7545
7548
7551
7553
7555
7559
7560
7561
7563
7566
7568
7569
7574
7576
7579
7582
7585
7587
7588
7589
7593
7598
7600
7604
7606
7607
7611
7612
7615
7616
7617
7621
7622
7623
7624
7625
7626
7629
7630
7632
7634
7638
7639
7641
7643
7644
7645
7649
7651
7652
7655
7657
7660
7664
7665
7666
7668
7669
7670
7672
7675
7677
7678
7679
7680
7681
7682
7683
7692
7693
7694
7695
7697
7698
7699
7700
7710
7713
7719
7721
7724
7733
7734
7735
7736
7737
7738
7739
7740
7741
7742
7743
7745
7746
7748
7750
7751
7752
7753
7754
7755
7756
7757
7758
7759
7760
7761
7763
7765
7766
7767
7768
7769
7770
7771
7772
7773
7774
7775
7776
7777
7778
7780
7782
7783
7784
7785
7789
7790
7791
7792
7793
7794
7795
7796
7797
7798
7799
7800
7801
7802
7803
7804
7805
7806
7807
7808
7809
7811
7812
7813
7814
7815
7816
7817
7818
7819
7820
7821
7822
7823
7824
7825
7826
7827
7828
7829
7830
7831
7832
7833
7834
7835
7836
7837
7838
7839
7840
7841
7842
7843
7844
7845
7846
7847
7848
7849
7850
7851
7859
7860
7862
7863
7866
7867
7868
7869
7870
7871
7872
7873
7874
7876
7877
7878
7879
7880
7881
7882
7883
7884
7885
7886
7887
7888
7890
7891
7892
7893
7894
7895
7896
7897
7898
7899
7900
7901
7902
7903
7904
7905
7906
7907
7908
7909
7910
7911
7912
7913
7914
7915
7916
7917
7918
7919
7920
7921
7922
7923
7924
7926
7927
7928
7929
7930
7932
7933
7934
7935
7936
7937
7938
7940
7941
7942
7944
7945
7946
7947
7948
7949
7950
7951
7952
7953
7954
7955
7958
7959
7961
7962
7963
7964
7965
7967
7968
7969
7970
7971
7972
7973
7974
7975
7976
7977
7978
7979
7980
7981
7982
7983
7984
7985
7986
7987
7989
7990
7991
7992
7993
7994
7995
7997
8000
8001
8002
8003
8004
8005
8006
8007
8008
8009
8010
8011
8012
8013
8014
8015
8017
8018
8019
8020
8021
8022
8023
8024
8025
8026
8027
8028
8029
8030
8031
8032
8033
8034
8035
8036
8040
8041
8042
8043
8044
8045
8047
8049
8050
8051
8052
8054
8055
8056
8057
8058
8059
8060
8061
8063
8064
8065
8072
8073
8076
8077
8078
8079
8097
8098
8099
8100
8101
8102
8103
8104
8105
8106
8107
8108
8109
8110
8111
8112
8113
8114
8115
8116
8117
8118
8119
8120
8121
8122
8123
8124
8125
8126
8127
8128
8129
8130
8131
8132
8133
8134
8136
8137
8138
8140
8141
8142
8143
8144
8145
8146
8147
8148
8149
8150
8151
8152
8153
8154
8155
8156
8157
8158
8159
8160
8161
8162
8163
8164
8165
8166
8167
8168
8169
8170
8171
8172
8174
8177
8178
8179
8182
8183
8184
8185
8186
8187
8188
8189
8190
8191
8192
8193
8194
8195
8196
8197
8200
8201
8202
8203
8205
8206
8207
8208
8209
8210
8211
8212
8213
8214
8215
8216
8217
8218
8219
8220
8221
8222
8223
8224
8225
8226
8227
8228
8229
8230
8231
8232
8233
8234
8235
8236
8237
8239
8240
8242
8243
8244
8246
8247
8249
8250
8251
8252
8253
8254
8256
8257
8258
8259
8260
8262
8263
8264
8265
8266
8267
8268
8269
8270
8271
8272
8273
8274
8276
8277
8278
8279
8280
8281
8282
8283
8284
8295
8296
8301
8302
8303
8304
8305
8310
8311
8312
8315
8316
8319
8320
8321
8322
8323
8324
8326
8327
8328
8329
8330
8331
8332
8333
8334
8335
8336
8337
8338
8664
8674
8675
8682
8690
8691
8692
8720
8721
8722
8723
8724
8725
8726
8727
8728
8729
8730
8731
8733
8735
8736
8738
8742
8743
8744
8745
8746
8747
8748
8749
8750
8751
8752
8753
8754
8755
8756
8757
8758
8759
8760
8761
8762
8763
8764
8765
8766
8767
8768
8769
8770
8771
8772
8773
8774
8775
8776
8777
8778
8779
8782
8783
8784
8785
8786
8793
8794
8795
8796
8797
8798
8799
8800
8801
8802
8803
8804
8805
8806
8807
8809
8813
8814
8815
8816
8817
8819
8820
8821
8822
8823
8825
8826
8827
8828
8829
8830
8831
8832
8833
8834
8836
8837
8838
8839
8840
8841
8842
8843
8851
8857
8858
8859
8860
8862
8863
8869
8870
8871
8873
8874
8875
8877
8878
8879
8880
8881
8882
8883
8884
8885
8886
8887
8888
8889
8890
8891
8892
8893
8894
8895
8896
8897
8898
8899
8900
8901
8902
8903
8904
8905
8906
8908
8909
8910
8911
8912
8913
8914
8916
8917
8918
8919
8920
8921
8923
8924
8926
8927
8929
8930
8931
8933
8934
8935
8936
8937
8938
8939
8940
8941
8942
8943
8944
8945
8946
8947
8948
8949
8950
8951
8952
8954
8955
8956
8957
8959
8960
8961
8963
8964
8967
8968
8969
8970
8973
8975
8976
8980
8981
9051
9092
9401
9402
9403
9404
9405
9406
9407
9408
9409
9410
9412
9413
9414
9415
9416
9417
9421
9422
9423
9424
9425
9426
9427
9428
9430
9431
9432
9433
9434
9435
9436
9437
9438
9439
9440
9441
9442
9443
9444
9445
9446
9448
9450
9451
9452
9454
9455
9456
9457
9458
9459
9460
9461
9462
9463
9464
9465
9467
9468
9469
9470
9471
9588
9589
9590
9591
9592
9593
9594
9595
9596
9597
9598
9599
9600
9601
9605
9606
9607
9608
9609
9610
9612
9615
9616
9617
9618
9621
9622
9623
9624
9626
9627
9628
9631
9632
9633
9634
9635
9636
9637
9641
9642
9645
9650
9651
9652
9653
9654
9660
9661
9684
9685
9686
9693
9694
9695
9912
9924
9925
9928
9929
9930
9944
9946
9947
9954
9955
9956
9957
9958
9959
9970
9971
9972
9973
9974
9975
9976
9977
9978
9979
9980
9983
9984
9985
9986
9988
9989
9990
9992
9993
9994
9995
9996
9997
9998
9999
10000
10001
10002
10003
10004
10005
10006
10007
10008
10009
10013
10014
10015
10016
10017
10018
10019
10020
10023
10024
10025
10026
10027
10028
10030
10031
10034
10035
10037
10038
10039
10040
10041
10042
10043
10044
10045
10074
10078
10079
10080
10081
10082
10084
10086
10087
10088
10089
10090
10091
10092
10093
10094
10095
10096
10097
10098
10100
10101
10102
10103
10104
10105
10106
10107
10108
10109
10113
10114
10116
10117
10118
10119
10120
10121
10122
10123
10124
10125
10126
10127
10128
10129
10130
10150
10151
10159
10160
10161
10162
10163
10164
10165
10166
10167
10168
10169
10170
10171
10174
10175
10176
10177
10178
10179
10180
10181
10182
10183
10184
10185
10186
10187
10188
10189
10190
10192
10193
10194
10195
10196
10197
10198
10199
10200
10201
10202
10203
10205
10206
10207
10208
10209
10210
10211
10212
10213
10214
10215
10216
10217
10218
10219
10220
10221
10222
10223
10224
10244
10252
10253
10254
10255
10258
10259
10262
10263
10264
10265
10266
10267
10268
10269
10270
10271
10272
10273
10274
10275
10277
10278
10279
10280
10281
10282
10283
10284
10285
10286
10287
10288
10289
10290
10291
10292
10293
10294
10295
10297
10299
10301
10351
10352
10353
10358
10359
10360
10361
10364
10365
10366
10367
10370
10371
10372
10373
10374
10375
10376
10377
10378
10379
10380
10381
10382
10383
10384
10385
10386
10387
10388
10389
10390
10391
10392
10393
10394
10395
10398
10399
10400
10401
10402
10404
10405
10407
10409
10411
10412
10413
10414
10415
10416
10417
10418
10419
10420
10421
10422
10423
10425
10427
10429
10431
10433
10435
10437
10440
10441
10442
10443
10444
10445
10448
10449
10450
10451
10452
10454
10455
10456
10457
10458
10459
10461
10463
10464
10465
10467
10468
10470
10471
10472
10473
10474
10475
10476
10479
10480
10483
10484
10485
10487
10494
10495
10496
10497
10505
10506
10507
10508
10509
10510
10511
10512
10513
10514
10515
10516
10517
10518
10523
10524
10526
10541
10542
10543
10544
10545
10546
10547
10548
10549
10550
10551
10552
10553
10556
10557
10558
10559
10560
10561
10562
10563
10564
10566
10567
10568
10569
10570
10571
10572
10573
10574
10575
10576
10577
10578
10581
10582
10586
10596
10597
10598
10599
10600
10601
10602
10603
10631
10648
10649
10656
10657
10681
10691
10694
10695
10696
10697
10698
10704
10705
10706
10707
10708
10709
10710
10712
10797
10802
10803
10819
10820
10821
10822
10823
10824
10825
10826
10827
10828
10829
10830
10831
10838
10863
10864
10865
10866
10867
10868
10869
10870
10871
10872
10873
10874
10875
10876
10877
10878
10879
10880
10881
10882
10883
10884
10885
10886
10887
10888
10889
10890
10891
10892
10893
10894
10898
10899
10900
10901
10902
10903
10904
10905
10906
10907
10908
10909
10910
10911
10912
10913
10914
10915
10916
10917
10918
10919
10920
10921
10922
10923
10924
10925
10926
10927
10928
10929
10930
10931
10932
10933
10934
10935
10956
10957
10958
10959
10960
10961
10962
10963
10964
10965
10966
10967
10968
10970
10971
10972
10973
10974
10975
10976
10977
10978
10979
10980
10981
10982
10983
10984
10985
10987
10992
10993
10994
10995
10996
10997
10998
10999
11000
11001
11002
11003
11004
11005
11006
11007
11027
11028
11029
11030
11031
11032
11033
11034
11035
11036
11037
11038
11039
11040
11041
11042
11043
11044
11045
11046
11062
11063
11065
11066
11067
11068
11069
11070
11071
11072
11073
11074
11075
11076
11077
11078
11079
11080
11081
11082
11083
11084
11085
11086
11087
11088
11089
11090
11091
11092
11093
11094
11105
11106
11107
11108
11109
11110
11130
11145
11146
11147
11148
11149
11150
11151
11152
11153
11154
11155
11156
11157
11158
11159
11160
11161
11162
11163
11164
11165
11166
11168
11173
11179
11180
11181
11182
11183
11184
11185
11186
11188
11189
11190
11191
11192
11193
11194
11195
11196
11197
11198
11206
11208
11209
11210
11212
11213
11214
11215
11216
11217
11218
11219
11220
11221
11222
11223
11224
11225
11226
11253
11256
11257
11258
11259
11260
11261
11262
11263
11264
11265
11266
11267
11280
11281
11282
11283
11284
11287
11301
11302
11303
11304
11305
11306
11307
11308
11309
11310
11311
11312
11313
11321
11325
11326
11327
11328
11329
11330
11331
11333
11334
11335
11336
11337
11338
11339
11340
11341
11342
11343
11344
11345
11346
11347
11355
11356
11358
11365
11366
11367
11368
11369
11370
11371
11372
11373
11375
11376
11377
11378
11379
11388
11396
11421
11422
11423
11429
11431
11432
11433
11434
11435
11436
11437
11438
11439
11440
11441
11442
11443
11444
11445
11446
11447
11449
11461
11462
11463
11464
11465
11466
11467
11481
11485
11486
11493
11494
11495
11496
11497
11498
11499
11500
11501
11502
11503
11504
11505
11506
11507
11508
11509
11510
11511
11512
11513
11514
11515
11516
11517
11518
11519
11520
11521
11522
11523
11524
11525
11526
11527
11528
11529
11530
11531
11532
11533
11534
11535
11536
11537
11538
11539
11540
11541
11542
11544
11545
11546
11553
11554
11555
11556
11557
11558
11559
11562
11563
11564
11565
11566
11567
11568
11569
11570
11571
11572
11573
11574
11575
11580
11581
11582
11583
11584
11585
11586
11587
11588
11589
11590
11592
11593
11594
11595
11596
11597
11598
11599
11600
11601
11602
11603
11604
11605
11606
11607
11608
11609
11610
11611
11620
11621
11622
11623
11624
11625
11626
11627
11628
11629
11630
11631
11632
11633
11634
11635
11636
11637
11638
11639
11640
11641
11642
11643
11644
11645
11646
11651
11652
11653
11654
11662
11668
11669
11670
11671
11672
11673
11674
11675
11676
11677
11678
11679
11680
11681
11682
11683
11684
11685
11686
11687
11688
11689
11690
11691
11692
11693
11694
11695
11696
11697
11698
11699
11700
11701
11702
11703
11704
11705
11706
11708
11709
11712
11713
11714
11715
11716
11717
11718
11719
11720
11721
11722
11723
11724
11725
11740
11748
11749
11750
11751
11752
11753
11755
11756
11757
11758
11759
11760
11761
11762
11763
11764
11765
11766
11767
11768
11769
11770
11771
11772
11773
11775
11776
11777
11778
11779
11780
11781
11782
11783
11784
11785
11786
11787
11788
11789
11790
11791
11792
11793
11794
11795
11796
11797
11798
11799
11803
11824
11825
11826
11827
11828
11830
11846
11847
11848
11849
11850
11851
11852
11853
11854
11855
11856
11857
11858
11859
11860
11863
11864
11865
11866
11867
11868
11869
11870
11871
11872
11873
11874
11875
11876
11877
11878
11879
11880
11881
11882
11883
11884
11885
11886
11887
11888
11889
11890
11891
11892
11893
11894
11895
11896
11897
11898
11899
11900
11901
11902
11909
11910
11911
11912
11913
11914
11915
11916
11917
11918
11931
11939
11941
11945
11946
11947
11948
11949
11950
11951
11970
11972
11982
11983
11984
11999
12000
12001
12002
12003
12004
12005
12006
12007
12008
12009
12010
12029
12030
12031
12032
12033
12034
12035
12047
12048
12049
12050
12051
12052
12053
12054
12055
12056
12057
12062
12071
12119
12120
12124
12125
12126
12127
12128
12129
12157
12158
12168
12169
12170
12171
12172
12173
12174
12175
12176
12177
12178
12179
12180
12181
12182
12183
12184
12185
12186
12195
12196
12197
12202
12203
12204
12216
12217
12218
12219
12220
12221
12222
12223
12224
12225
12226
12227
12228
12229
12230
12231
12232
12234
12235
12237
12238
12239
12247
12252
12253
12273
12287
12294
12318
12319
12320
12321
12322
12323
12324
12327
12332
12333
12334
12335
12336
12339
12340
12341
12342
12343
12344
12345
12346
12347
12348
12371
12373
12374
12375
12376
12377
12378
12379
12380
12381
12382
12383
12384
12385
12386
12387
12388
12389
12390
12391
12392
12393
12394
12395
12396
12397
12398
12399
12400
12401
12402
12403
12404
12405
12406
12407
12408
12409
12410
12411
12412
12413
12414
12421
12424
12425
12436
12437
12438
12439
12440
12441
12468
12469
12470
12471
12472
12473
12474
12475
12476
12477
12478
12479
12480
12481
12482
12483
12484
12485
12486
12487
12488
12489
12490
12491
12492
12493
12528
12567
12568
12569
12570
12571
12572
12573
12574
12575
12576
12577
12578
12579
12580
12581
12582
12583
12584
12585
12586
12587
12588
12589
12594
12595
12596
12597
12598
12599
12600
12601
12602
12603
12604
12605
12606
12611
12612
12613
12614
12615
12616
12617
12618
12619
12620
12621
12622
12623
12668
12669
12670
12671
12672
12673
12674
12675
12676
12677
12678
12679
12680
12681
12682
12683
12684
12685
12686
12687
12688
12689
12690
12691
12692
12693
12695
12697
12698
12699
12700
12701
12702
12703
12704
12705
12706
12707
12708
12710
12711
12720
12721
12736
12761
12762
12763
12764
12765
12766
12767
12768
12769
12770
12771
12772
12773
12774
12775
12776
12777
12778
12779
12780
12781
12782
12783
12784
12785
12786
12787
12788
12789
12790
12791
12806
12807
12808
12809
12810
12811
12812
12813
12814
12815
12816
12817
12818
12819
12820
12821
12822
12823
12824
12825
12826
12827
12828
12829
12830
12831
12832
12833
12834
12835
12836
12837
12838
12839
12840
12841
12842
12843
12844
12845
12846
12847
12848
12849
12850
12851
12852
12853
12854
12855
12856
12857
12858
12859
12860
12861
12862
12863
12864
12865
12866
12867
12868
12869
12870
12871
12872
12873
12874
12875
12876
12877
12878
12879
12880
12891
12895
12935
12936
12937
12943
12944
12945
12946
12947
12948
12949
12950
12951
12952
12953
12954
12955
12956
12957
12958
12959
12960
12961
12962
12963
12964
12965
12966
12970
12971
12972
12995
12996
12997
12998
12999
13000
13001
13002
13003
13004
13005
13006
13007
13008
13009
13010
13011
13012
13013
13021
13022
13023
13024
13025
13026
13027
13028
13029
13030
13031
13032
13033
13034
13035
13036
13045
13046
13047
13048
13049
13050
13051
13052
13053
13054
13055
13056
13057
13058
13059
13060
13061
13062
13063
13064
13065
13066
13067
13069
13070
13073
13074
13075
13076
13079
13080
13081
13082
13083
13084
13085
13086
13088
13089
13090
13091
13092
13093
13094
13095
13096
13097
13098
13103
13105
13106
13107
13108
13113
13114
13115
13116
13117
13118
13127
13128
13129
13130
13131
13132
13133
13134
13135
13139
13146
13147
13148
13149
13153
13155
13156
13157
13158
13159
13160
13161
13162
13163
13164
13165
13166
13167
13168
13169
13170
13173
13174
13175
13182
13183
13186
13187
13188
13189
13190
13191
13192
13193
13194
13195
13196
13197
13198
13199
13200
13201
13202
13203
13204
13205
13206
13207
13208
13214
13215
13216
13217
13218
13219
13220
13221
13225
13226
13380
13381
13382
13383
13384
13385
13386
13389
13390
13391
13392
13393
13394
13395
13396
13397
13398
13399
13400
13401
13402
13403
13404
13405
13406
13407
13408
13409
13410
13411
13412
13413
13414
13415
13416
13417
13418
13419
13420
13421
13422
13423
13424
13425
13426
13427
13461
13462
13463
13464
13465
13466
13467
13468
13469
13470
13471
13472
13473
13474
13506
